# R script for Peak Model
#  -- generated by MACS
p <- c(0.051551097340285575,0.05835297823935103,0.06837680272218434,0.07678965541313372,0.08573949870137774,0.08556050183561285,0.08556050183561285,0.08359153631219918,0.08126457705725573,0.08019059586266644,0.08054858959419621,0.08054858959419621,0.07893761780231229,0.08054858959419621,0.08072758645996109,0.08233855825184501,0.08466551750678845,0.08573949870137774,0.0878874610905563,0.0869924767617319,0.08538150496984798,0.0869924767617319,0.08717147362749678,0.0860974924329075,0.08663448303020214,0.08627648929867238,0.0843075237752587,0.08359153631219918,0.08394953004372893,0.08412852690949381,0.08627648929867238,0.08502351123831822,0.08377053317796405,0.08394953004372893,0.08054858959419621,0.08215956138608013,0.08251755511760989,0.08180156765455036,0.07893761780231229,0.0787586209365474,0.07661065854736883,0.07750564287619324,0.07804263347348787,0.07643166168160395,0.07625266481583907,0.07356771182936586,0.07303072123207123,0.07267272750054146,0.07625266481583907,0.07464169302395515,0.0749996867554849,0.07571567421854443,0.07643166168160395,0.0760736679500742,0.07804263347348787,0.07947460839960692,0.08108558019149084,0.08162257078878549,0.07678965541313372,0.07643166168160395,0.07589467108430932,0.07464169302395515,0.07338871496360098,0.07338871496360098,0.07320971809783611,0.07303072123207123,0.07124075257442242,0.07016677137983314,0.07285172436630634,0.07410470242666051,0.07285172436630634,0.07285172436630634,0.07285172436630634,0.07482068988972003,0.07482068988972003,0.0769686522788986,0.07553667735277955,0.07661065854736883,0.0769686522788986,0.0749996867554849,0.07643166168160395,0.0769686522788986,0.07678965541313372,0.07464169302395515,0.07464169302395515,0.07177774317171706,0.07303072123207123,0.07338871496360098,0.07267272750054146,0.07374670869513075,0.07428369929242538,0.07267272750054146,0.07303072123207123,0.07464169302395515,0.07446269615819028,0.07338871496360098,0.0749996867554849,0.07374670869513075,0.07374670869513075,0.07320971809783611,0.07285172436630634,0.07249373063477658,0.07177774317171706,0.07124075257442242,0.07034576824559802,0.06945078391677362,0.0669448277960653,0.06730282152759505,0.065870846601476,0.06622884033300577,0.0669448277960653,0.06837680272218434,0.0678398121248897,0.06658683406453553,0.0678398121248897,0.06927178705100874,0.07231473376901171,0.07141974944018731,0.07249373063477658,0.07267272750054146,0.07231473376901171,0.0705247651113629,0.06998777451406826,0.06855579958794922,0.0667658309303004,0.06515485913841648,0.06300689674923791,0.06264890301770816,0.06390188107806233,0.06461786854112185,0.0631858936150028,0.06515485913841648,0.06461786854112185,0.06604984346724088,0.06622884033300577,0.06658683406453553,0.06658683406453553,0.06712382466183017,0.06282789988347304,0.06264890301770816,0.061574921823118876,0.06014294689699983,0.061574921823118876,0.06300689674923791,0.0640808779438272,0.06479686540688673,0.06425987480959208,0.06479686540688673,0.06712382466183017,0.06479686540688673,0.06425987480959208,0.0640808779438272,0.06300689674923791,0.059963950031234954,0.05942695943394031,0.05871097197088079,0.05871097197088079,0.057457993910526625,0.05441504719252366,0.0540570534609939,0.0558470221186427,0.05513103465558318,0.05602601898440758,0.05692100331323199,0.056563009581702225,0.05871097197088079,0.057457993910526625,0.05924796256817543,0.06282789988347304,0.06354388734653256,0.0622909092861784,0.06282789988347304,0.0631858936150028,0.06175391868888376,0.06211191242041352,0.059963950031234954,0.06264890301770816,0.06050094062852959,0.05871097197088079,0.05888996883664567,0.05924796256817543,0.05906896570241055,0.057100000178996864,0.05853197510511591,0.05871097197088079,0.05888996883664567,0.05763699077629151,0.05763699077629151,0.05942695943394031,0.061216928091589115,0.061216928091589115,0.05960595629970519,0.060858934360059354,0.06103793122582424,0.060858934360059354,0.05960595629970519,0.05799498450782127,0.05799498450782127,0.05763699077629151,0.05727899704476175,0.056205015850172464,0.05638401271593734,0.05459404405828854,0.0549520377898183,0.053341065997934374,0.05459404405828854,0.05423605032675878,0.05459404405828854,0.05352006286369926,0.05208808793758021,0.05226708480334509,0.05459404405828854,0.056205015850172464,0.05423605032675878,0.05423605032675878,0.053699059729464135,0.05298307226640461,0.053341065997934374,0.055310031521348064,0.05566802525287782,0.05423605032675878,0.052804075400639736,0.052804075400639736,0.05352006286369926,0.052446081669109974,0.0531620691321695,0.05548902838711294,0.0558470221186427,0.053341065997934374,0.053699059729464135,0.0549520377898183,0.0549520377898183,0.053341065997934374,0.05208808793758021,0.053699059729464135,0.052446081669109974,0.05119310360875581,0.05011912241416653,0.05029811927993141,0.04976112868263677,0.049940125548401645,0.049045141219577246,0.05065611301146117,0.05101410674299093,0.05029811927993141,0.05029811927993141,0.05011912241416653,0.05065611301146117,0.05011912241416653,0.05011912241416653,0.05011912241416653,0.051909091071815336,0.05226708480334509,0.05387805659522902,0.052804075400639736,0.053341065997934374,0.05548902838711294,0.0549520377898183,0.0549520377898183,0.05727899704476175,0.05924796256817543,0.05727899704476175,0.05602601898440758,0.05513103465558318,0.0558470221186427,0.05566802525287782,0.05387805659522902,0.053699059729464135,0.05262507853487485,0.049940125548401645,0.048150156890752846,0.04886614435381236,0.049940125548401645,0.05029811927993141,0.05011912241416653,0.05226708480334509,0.05208808793758021,0.051551097340285575,0.05226708480334509,0.05119310360875581,0.05262507853487485,0.05047711614569629,0.048150156890752846,0.0476131662934582,0.048150156890752846,0.045286207038514756,0.04600219450157428,0.045286207038514756,0.04653918509886892,0.04886614435381236,0.047792163159223085,0.04940313495110701,0.05029811927993141,0.04976112868263677,0.05011912241416653,0.053699059729464135,0.05262507853487485,0.055310031521348064,0.0567420064474671,0.05513103465558318,0.0549520377898183,0.05978495316547007,0.06372288421229744,0.0687347964537141,0.07285172436630634,0.07625266481583907,0.08233855825184501,0.08717147362749678,0.08860344855361582,0.09379435766079736,0.09773228870762472,0.10023824482833306,0.1034601884121009,0.10310219468057115,0.10399717900939555,0.10095423229139258,0.10005924796256818,0.10041724169409794,0.10274420094904138,0.10381818214363067,0.1052501570697497,0.1034601884121009,0.10328119154633603,0.10471316647245507,0.1034601884121009,0.10704012572739852,0.10954608184810684,0.10954608184810684,0.10686112886163364,0.10489216333821995,0.10453416960669018,0.10363918527786578,0.10077523542562769,0.10274420094904138,0.10417617587516043,0.10292319781480626,0.1025652040832765,0.10149122288868721,0.1025652040832765,0.10453416960669018,0.10560815080127947,0.106324138264339,0.10954608184810684,0.10757711632469315,0.10954608184810684,0.10972507871387172,0.10972507871387172,0.10972507871387172,0.10900909125081219,0.10596614453280923,0.1052501570697497,0.10560815080127947,0.10453416960669018,0.10363918527786578,0.09916426363374377,0.09826927930491937,0.094331348258092,0.09397335452656223,0.09701630124456521,0.09844827617068425,0.09665830751303545,0.09576332318421105,0.09540532945268128,0.09665830751303545,0.09952225736527354,0.10202821348598186,0.10614514139857412,0.10775611319045804,0.10686112886163364,0.10829310378775267,0.110799059908461,0.11062006304269613,0.11062006304269613,0.110799059908461,0.110799059908461,0.10847210065351756,0.10704012572739852,0.10578714766704435,0.10686112886163364,0.10847210065351756,0.10739811945892827,0.10954608184810684,0.11008307244540148,0.10936708498234196,0.10954608184810684,0.11384200662646397,0.11402100349222885,0.11330501602916933,0.11276802543187468,0.11115705363999076,0.11187304110305028,0.10936708498234196,0.10900909125081219,0.10936708498234196,0.10739811945892827,0.10381818214363067,0.10560815080127947,