# R script for Peak Model
#  -- generated by MACS
p <- c(0.053719341620971806,0.0631855103267507,0.0712993692174183,0.07973964771863003,0.08771361249049303,0.08799340072810226,0.08780687523636277,0.08598825169190279,0.08552193796255407,0.0854753065896192,0.08491573011440075,0.08365668304515922,0.08333026343461512,0.08291058107820128,0.08286394970526641,0.08249089872178744,0.08323700068874537,0.08216447911124333,0.08258416146765718,0.08216447911124333,0.08146500851722027,0.08099869478787156,0.08053238105852284,0.08165153400895975,0.08155827126309001,0.08123185165254591,0.08001943595623925,0.08053238105852284,0.07964638497276029,0.07927333398928131,0.07955312222689054,0.07987954183743463,0.08132511439841565,0.08057901243145771,0.0809054320420018,0.0804391183126531,0.08062564380439258,0.07964638497276029,0.0797862790915649,0.0794598594810208,0.07871375751406286,0.07927333398928131,0.07866712614112799,0.07829407515764901,0.07768786730949569,0.07759460456362595,0.076848502596668,0.07754797319069107,0.07759460456362595,0.07862049476819312,0.07890028300580235,0.07782776142830031,0.07778113005536542,0.07787439280123518,0.07801428692003978,0.07745471044482133,0.07689513396960287,0.07764123593656082,0.07740807907188646,0.076848502596668,0.07698839671547261,0.07703502808840748,0.07614903200264493,0.07535629866275212,0.0760557692567752,0.07675523985079825,0.07764123593656082,0.07670860847786339,0.07628892612144955,0.07633555749438442,0.07577598101916597,0.07563608690036135,0.07624229474851467,0.07633555749438442,0.07526303591688238,0.0747500908145988,0.07400398884764085,0.07405062022057572,0.07372420061003163,0.07353767511829214,0.07395735747470598,0.07451693394992444,0.07349104374535727,0.0737708319829665,0.07316462413481316,0.07321125550774804,0.07330451825361778,0.07353767511829214,0.07414388296644546,0.07269831040546446,0.07181231431970189,0.07134600059035318,0.07274494177839932,0.07283820452426906,0.07367756923709674,0.0734444123724224,0.07302473001600855,0.0724651535407901,0.07153252608209267,0.07209210255731112,0.07199883981144138,0.07209210255731112,0.0711594750986137,0.07134600059035318,0.07106621235274395,0.07139263196328806,0.07325788688068291,0.07335114962655265,0.07241852216785523,0.07213873393024599,0.07293146727013881,0.0724651535407901,0.07232525942198548,0.07157915745502753,0.07111284372567882,0.07101958097980908,0.07004032214817678,0.06924758880828397,0.07046000450459063,0.06980716528350242,0.06990042802937217,0.0705066358775255,0.07087968686100447,0.07073979274219985,0.07176568294676702,0.07022684763991627,0.06990042802937217,0.0695273770458932,0.07004032214817678,0.07027347901285114,0.0692009574353491,0.06831496134958655,0.0675688593826286,0.06682275741567066,0.06421140053131787,0.06514402799001529,0.06458445151479683,0.06472434563360145,0.06327877307262043,0.06360519268316453,0.06435129465012247,0.06407150641251325,0.06346529856435992,0.0631855103267507,0.06467771426066658,0.064164769158383,0.06253267110566249,0.06388498092077376,0.06467771426066658,0.06407150641251325,0.062159620122183526,0.06169330639283481,0.06211298874924865,0.06262593385153224,0.06248603973272762,0.06201972600337891,0.06435129465012247,0.06299898483501121,0.06164667501989994,0.061786569138704554,0.06360519268316453,0.06299898483501121,0.06355856131022966,0.0628590907162066,0.06206635737631378,0.06234614561392301,0.062252882868053264,0.062206251495118395,0.06346529856435992,0.06346529856435992,0.06248603973272762,0.062159620122183526,0.06104046717174661,0.06173993776576968,0.0628590907162066,0.06374508680196915,0.06355856131022966,0.06383834954783889,0.06374508680196915,0.06472434563360145,0.06365182405609941,0.06425803190425274,0.06467771426066658,0.06365182405609941,0.0631855103267507,0.061600043646965065,0.060947204425876866,0.060527522069463026,0.06001457696717944,0.05940836911902611,0.060107839713049185,0.060527522069463026,0.05978142010250508,0.06136688678229071,0.061553412274030196,0.06150678090109533,0.06136688678229071,0.06146014952816045,0.06108709854468148,0.06108709854468148,0.06141351815522558,0.06029436520478867,0.06080731030707225,0.059548263237830724,0.0592684750002215,0.060154471085984054,0.059921314221309696,0.059128580881416884,0.05880216127087279,0.05833584754152407,0.05791616518511023,0.05838247891445894,0.058895424016742526,0.060154471085984054,0.059734788729570214,0.059734788729570214,0.05931510637315637,0.059128580881416884,0.06043425932359328,0.06127362403642097,0.06183320051163942,0.062159620122183526,0.06146014952816045,0.060527522069463026,0.060760678934137384,0.06080731030707225,0.06136688678229071,0.060947204425876866,0.05982805147543996,0.059081949508482015,0.058895424016742526,0.059548263237830724,0.060574153442397895,0.05987468284837483,0.06006120834011431,0.0592684750002215,0.05917521225435176,0.06085394168000713,0.060900573052942,0.06006120834011431,0.05964152598370047,0.057869533812175356,0.05614417301358512,0.0566571181158687,0.05628406713238973,0.0563306985053246,0.0563306985053246,0.055584596538366664,0.055817753403041015,0.05689027498054306,0.0573099573369569,0.05875552989793791,0.05996794559424457,0.05978142010250508,0.06001457696717944,0.05982805147543996,0.05982805147543996,0.05964152598370047,0.06020110245891892,0.060154471085984054,0.05936173774609124,0.0582892161685892,0.05623743575945486,0.055771122030106146,0.05544470241956205,0.05549133379249692,0.05525817692782256,0.05530480830075744,0.05460533770673436,0.05423228672325539,0.0550250200631482,0.05483849457140872,0.05591101614891076,0.05619080438651999,0.05609754164065025,0.05619080438651999,0.05591101614891076,0.056797012234673316,0.05623743575945486,0.05647059262412922,0.05670374948880357,0.057403220082826646,0.057403220082826646,0.057869533812175356,0.057636376947501004,0.057449851455761515,0.05880216127087279,0.05689027498054306,0.05689027498054306,0.056423961251194345,0.056004278894780504,0.056004278894780504,0.055351439673692306,0.05544470241956205,0.05549133379249692,0.05549133379249692,0.05423228672325539,0.05525817692782256,0.05609754164065025,0.056797012234673316,0.05833584754152407,0.05982805147543996,0.06365182405609941,0.06621654956751734,0.06910769468947936,0.0712993692174183,0.07512314179807776,0.07824744378471414,0.0810919575337413,0.08430952226624742,0.08696751052353509,0.08962549878082275,0.0903716007477807,0.09093117722299915,0.09074465173125967,0.09326274586974272,0.0926565380215894,0.09256327527571966,0.09316948312387298,0.0926565380215894,0.09130422820647813,0.08957886740788788,0.08864623994919045,0.08831982033864635,0.088086663473972,0.08706077326940483,0.08701414189646996,0.08748045562581867,0.0864545654212515,0.08673435365886073,0.08636130267538177,0.08813329484690686,0.0897187615266925,0.08925244779734379,0.09027833800191096,0.08985865564549711,0.08990528701843198,0.09060475761245505,0.09083791447712941,0.09097780859593402,0.09111770271473864,0.09046486349365043,0.0893923419161484,0.0910244399688689,0.09041823212071556,0.09219022429224068,0.0924700125298499,0.09167727918995709,0.09177054193582684,0.09107107134180377,0.09172391056289196,0.09228348703811043,0.09270316939452426,0.09125759683354326,0.09191043605463145,0.09130422820647813,0.09121096546060838,0.09172391056289196,0.0926565380215894,0.09302958900506836,0.09214359291930581,0.09121096546060838,0.09107107134180377,0.09316948312387298,0.09330937724267759,0.09326274586974272,0.09410211058257041,0.09386895371789605,0.09293632625919862,0.09522126353300732,0.09685336158572781,0.09853209101138319,0.09792588316322985,0.09676009883985807,0.0983455655196437,0.09759946355268576,0.09745956943388115,0.09778598904442524,0.09909166748660164,0.09699325570453243,0.0976927262985555,0.09615389099170475,0.09685336158572781,0.09582747138116064,0.09438189882017964,0.09470831843072373,0.09382232234496117,0.09447516156604938,0.0936357968532217,0.09349590273441707,0.09335600861561247,0.09382232234496117,0.09372905959909143,0.09494147529539809,0.09564094588942117,0.09745956943388115,0.09759946355268576,